CC01    -4.04578    -132.47451    -4769.1
CC02    -4.46461    -132.58299    -4445.4
CC03    -4.88160    -132.68895    -4739.5
CC04    -5.19374    -132.78996    -4616.1
CC05    -5.51737    -132.87300    -4798.9
CC06    -5.83853    -132.95180    -4824.5
CC07    -6.15879    -133.04639    -4628.0
CC08    -6.48164    -133.12326    -4745.8
CC09    -6.79945    -133.21640    -4615.8
CC10    -7.11482    -133.34575    -4619.7
CC11    -7.53678    -133.41661    -4636.2
CC12    -7.95449    -133.53221    -4596.1
EC01    -4.72613    -131.48519    -4576.1
EC02    -5.46195    -131.87689    -4774.4
EC03    -6.29162    -131.91041    -4742.8
EC04    -7.02749    -132.29424    -4779.0
EC05    -7.85622    -132.32978    -4586.0
EE01    -4.94698    -130.38143    -4646.3
EE02    -5.97635    -130.88959    -4632.6
EE03    -7.06435    -131.17881    -4627.7
EE04    -8.20435    -131.25507    -4683.3
WC01    -4.14331    -133.66494    -4482.7
WC02    -4.97259    -133.70537    -4618.8
WC03    -5.70770    -134.09131    -4483.4
WC04    -6.53525    -134.13046    -4534.1
WC05    -7.26945    -134.51766    -4478.9
WW01    -3.78521    -134.73696    -4534.8
WW02    -4.92831    -134.81356    -4682.4
WW03    -6.01551    -135.11203    -4386.4
WW04    -7.03850    -135.62722    -4491.1